cam0:
  T_cam_imu:
  - [-0.034332757041352996, -0.999409170173005, 0.001603860356508835, 0.053378329981471136]
  - [0.006165723226189135, -0.0018165867946853265, -0.9999793417213746, -0.024006260647135434]
  - [0.9993914376514518, -0.03432215882664036, 0.006224448766068619, -0.0021968020511649363]
  - [0.0, 0.0, 0.0, 1.0]
  cam_overlaps: [1]
  camera_model: pinhole
  distortion_coeffs: [-0.362670859687052, 0.09716141433334011, -0.00018074826302956644,
    -0.000178403157551013]
  distortion_model: radtan
  intrinsics: [467.995904136143, 469.3723196076451, 377.9489444798655, 222.34908465406986]
  resolution: [752, 480]
  rostopic: /loitor_stereo_visensor/left/image_raw
  timeshift_cam_imu: -6.237022695633857e-05
cam1:
  T_cam_imu:
  - [-0.013235333591747528, -0.9998941626940477, 0.006040641943112546, -0.046707657720731766]
  - [0.018084552579383906, -0.006279554640216872, -0.9998167412838838, -0.024023591789398693]
  - [0.9997488559146839, -0.013123665794672612, 0.01816575055953043, -0.002879153899364599]
  - [0.0, 0.0, 0.0, 1.0]
  T_cn_cnm1:
  - [0.9997674892375948, -0.0043057280255482935, 0.021128846862051628, -0.10013052520113483]
  - [0.0040513855070065845, 0.9999189984929756, 0.012065766791736758, -0.00020902577679181146]
  - [-0.02117908730383908, -0.011977360267144365, 0.9997039507284152, 0.00015997046852627754]
  - [0.0, 0.0, 0.0, 1.0]
  cam_overlaps: [0]
  camera_model: pinhole
  distortion_coeffs: [-0.37031901785048976, 0.10449648489774073, -0.0001216569245019837,
    -0.00031132830854191157]
  distortion_model: radtan
  intrinsics: [468.97511850697174, 470.01512538296254, 341.75988346934395, 236.2445844121585]
  resolution: [752, 480]
  rostopic: /loitor_stereo_visensor/right/image_raw
  timeshift_cam_imu: -3.608553766477463e-05
